  0
SECTION
  2
HEADER
  9
$ACADVER
  1
AC1024
  9
$ACADMAINTVER
 70
6
  9
$DWGCODEPAGE
  3
ANSI_1252
  9
$LASTSAVEDBY
  1
ezdxf
  9
$INSBASE
 10
0.0
 20
0.0
 30
0.0
  9
$EXTMIN
 10
1e+20
 20
1e+20
 30
1e+20
  9
$EXTMAX
 10
-1e+20
 20
-1e+20
 30
-1e+20
  9
$LIMMIN
 10
0.0
 20
0.0
  9
$LIMMAX
 10
420.0
 20
297.0
  9
$ORTHOMODE
 70
0
  9
$REGENMODE
 70
1
  9
$FILLMODE
 70
1
  9
$QTEXTMODE
 70
0
  9
$MIRRTEXT
 70
1
  9
$LTSCALE
 40
1.0
  9
$ATTMODE
 70
1
  9
$TEXTSIZE
 40
2.5
  9
$TRACEWID
 40
1.0
  9
$TEXTSTYLE
  7
Standard
  9
$CLAYER
  8
0
  9
$CELTYPE
  6
ByLayer
  9
$CECOLOR
 62
256
  9
$CELTSCALE
 40
1.0
  9
$DISPSILH
 70
0
  9
$DIMSCALE
 40
1.0
  9
$DIMASZ
 40
2.5
  9
$DIMEXO
 40
0.625
  9
$DIMDLI
 40
3.75
  9
$DIMRND
 40
0.0
  9
$DIMDLE
 40
0.0
  9
$DIMEXE
 40
1.25
  9
$DIMTP
 40
0.0
  9
$DIMTM
 40
0.0
  9
$DIMTXT
 40
2.5
  9
$DIMCEN
 40
2.5
  9
$DIMTSZ
 40
0.0
  9
$DIMTOL
 70
0
  9
$DIMLIM
 70
0
  9
$DIMTIH
 70
0
  9
$DIMTOH
 70
0
  9
$DIMSE1
 70
0
  9
$DIMSE2
 70
0
  9
$DIMTAD
 70
1
  9
$DIMZIN
 70
8
  9
$DIMBLK
  1

  9
$DIMASO
 70
1
  9
$DIMSHO
 70
1
  9
$DIMPOST
  1

  9
$DIMAPOST
  1

  9
$DIMALT
 70
0
  9
$DIMALTD
 70
3
  9
$DIMALTF
 40
0.03937007874
  9
$DIMLFAC
 40
1.0
  9
$DIMTOFL
 70
1
  9
$DIMTVP
 40
0.0
  9
$DIMTIX
 70
0
  9
$DIMSOXD
 70
0
  9
$DIMSAH
 70
0
  9
$DIMBLK1
  1

  9
$DIMBLK2
  1

  9
$DIMSTYLE
  2
ISO-25
  9
$DIMCLRD
 70
0
  9
$DIMCLRE
 70
0
  9
$DIMCLRT
 70
0
  9
$DIMTFAC
 40
1.0
  9
$DIMGAP
 40
0.625
  9
$DIMJUST
 70
0
  9
$DIMSD1
 70
0
  9
$DIMSD2
 70
0
  9
$DIMTOLJ
 70
0
  9
$DIMTZIN
 70
8
  9
$DIMALTZ
 70
0
  9
$DIMALTTZ
 70
0
  9
$DIMUPT
 70
0
  9
$DIMDEC
 70
2
  9
$DIMTDEC
 70
2
  9
$DIMALTU
 70
2
  9
$DIMALTTD
 70
3
  9
$DIMTXSTY
  7
Standard
  9
$DIMAUNIT
 70
0
  9
$DIMADEC
 70
0
  9
$DIMALTRND
 40
0.0
  9
$DIMAZIN
 70
0
  9
$DIMDSEP
 70
44
  9
$DIMATFIT
 70
3
  9
$DIMFRAC
 70
0
  9
$DIMLDRBLK
  1

  9
$DIMLUNIT
 70
2
  9
$DIMLWD
 70
-2
  9
$DIMLWE
 70
-2
  9
$DIMTMOVE
 70
0
  9
$DIMFXL
 40
1.0
  9
$DIMFXLON
 70
0
  9
$DIMJOGANG
 40
0.785398163397
  9
$DIMTFILL
 70
0
  9
$DIMTFILLCLR
 70
0
  9
$DIMARCSYM
 70
0
  9
$DIMLTYPE
  6

  9
$DIMLTEX1
  6

  9
$DIMLTEX2
  6

  9
$DIMTXTDIRECTION
 70
0
  9
$LUNITS
 70
2
  9
$LUPREC
 70
4
  9
$SKETCHINC
 40
1.0
  9
$FILLETRAD
 40
10.0
  9
$AUNITS
 70
0
  9
$AUPREC
 70
2
  9
$MENU
  1
.
  9
$ELEVATION
 40
0.0
  9
$PELEVATION
 40
0.0
  9
$THICKNESS
 40
0.0
  9
$LIMCHECK
 70
0
  9
$CHAMFERA
 40
0.0
  9
$CHAMFERB
 40
0.0
  9
$CHAMFERC
 40
0.0
  9
$CHAMFERD
 40
0.0
  9
$SKPOLY
 70
0
  9
$TDCREATE
 40
2461281.3380902777
  9
$TDUCREATE
 40
2458532.153996898
  9
$TDUPDATE
 40
2461281.3380902777
  9
$TDUUPDATE
 40
2458532.1544311
  9
$TDINDWG
 40
0.0
  9
$TDUSRTIMER
 40
0.0
  9
$USRTIMER
 70
1
  9
$ANGBASE
 50
0.0
  9
$ANGDIR
 70
0
  9
$PDMODE
 70
0
  9
$PDSIZE
 40
0.0
  9
$PLINEWID
 40
0.0
  9
$SPLFRAME
 70
0
  9
$SPLINETYPE
 70
6
  9
$SPLINESEGS
 70
8
  9
$HANDSEED
  5
3F
  9
$SURFTAB1
 70
6
  9
$SURFTAB2
 70
6
  9
$SURFTYPE
 70
6
  9
$SURFU
 70
6
  9
$SURFV
 70
6
  9
$UCSBASE
  2

  9
$UCSNAME
  2

  9
$UCSORG
 10
0.0
 20
0.0
 30
0.0
  9
$UCSXDIR
 10
1.0
 20
0.0
 30
0.0
  9
$UCSYDIR
 10
0.0
 20
1.0
 30
0.0
  9
$UCSORTHOREF
  2

  9
$UCSORTHOVIEW
 70
0
  9
$UCSORGTOP
 10
0.0
 20
0.0
 30
0.0
  9
$UCSORGBOTTOM
 10
0.0
 20
0.0
 30
0.0
  9
$UCSORGLEFT
 10
0.0
 20
0.0
 30
0.0
  9
$UCSORGRIGHT
 10
0.0
 20
0.0
 30
0.0
  9
$UCSORGFRONT
 10
0.0
 20
0.0
 30
0.0
  9
$UCSORGBACK
 10
0.0
 20
0.0
 30
0.0
  9
$PUCSBASE
  2

  9
$PUCSNAME
  2

  9
$PUCSORG
 10
0.0
 20
0.0
 30
0.0
  9
$PUCSXDIR
 10
1.0
 20
0.0
 30
0.0
  9
$PUCSYDIR
 10
0.0
 20
1.0
 30
0.0
  9
$PUCSORTHOREF
  2

  9
$PUCSORTHOVIEW
 70
0
  9
$PUCSORGTOP
 10
0.0
 20
0.0
 30
0.0
  9
$PUCSORGBOTTOM
 10
0.0
 20
0.0
 30
0.0
  9
$PUCSORGLEFT
 10
0.0
 20
0.0
 30
0.0
  9
$PUCSORGRIGHT
 10
0.0
 20
0.0
 30
0.0
  9
$PUCSORGFRONT
 10
0.0
 20
0.0
 30
0.0
  9
$PUCSORGBACK
 10
0.0
 20
0.0
 30
0.0
  9
$USERI1
 70
0
  9
$USERI2
 70
0
  9
$USERI3
 70
0
  9
$USERI4
 70
0
  9
$USERI5
 70
0
  9
$USERR1
 40
0.0
  9
$USERR2
 40
0.0
  9
$USERR3
 40
0.0
  9
$USERR4
 40
0.0
  9
$USERR5
 40
0.0
  9
$WORLDVIEW
 70
1
  9
$SHADEDGE
 70
3
  9
$SHADEDIF
 70
70
  9
$TILEMODE
 70
1
  9
$MAXACTVP
 70
64
  9
$PINSBASE
 10
0.0
 20
0.0
 30
0.0
  9
$PLIMCHECK
 70
0
  9
$PEXTMIN
 10
1e+20
 20
1e+20
 30
1e+20
  9
$PEXTMAX
 10
-1e+20
 20
-1e+20
 30
-1e+20
  9
$PLIMMIN
 10
0.0
 20
0.0
  9
$PLIMMAX
 10
420.0
 20
297.0
  9
$UNITMODE
 70
0
  9
$VISRETAIN
 70
1
  9
$PLINEGEN
 70
0
  9
$PSLTSCALE
 70
1
  9
$TREEDEPTH
 70
3020
  9
$CMLSTYLE
  2
Standard
  9
$CMLJUST
 70
0
  9
$CMLSCALE
 40
20.0
  9
$PROXYGRAPHICS
 70
1
  9
$MEASUREMENT
 70
1
  9
$CELWEIGHT
370
-1
  9
$ENDCAPS
280
0
  9
$JOINSTYLE
280
0
  9
$LWDISPLAY
290
0
  9
$INSUNITS
 70
6
  9
$HYPERLINKBASE
  1

  9
$STYLESHEET
  1

  9
$XEDIT
290
1
  9
$CEPSNTYPE
380
0
  9
$PSTYLEMODE
290
1
  9
$FINGERPRINTGUID
  2
{1198C2F4-A932-4D48-B7B0-0C6357C0C24A}
  9
$VERSIONGUID
  2
{9E3EBF61-B7DF-4E61-8BC3-131C1F69A89F}
  9
$EXTNAMES
290
1
  9
$PSVPSCALE
 40
0.0
  9
$OLESTARTUP
290
0
  9
$SORTENTS
280
127
  9
$INDEXCTL
280
0
  9
$HIDETEXT
280
1
  9
$XCLIPFRAME
280
1
  9
$HALOGAP
280
0
  9
$OBSCOLOR
 70
257
  9
$OBSLTYPE
280
0
  9
$INTERSECTIONDISPLAY
280
0
  9
$INTERSECTIONCOLOR
 70
257
  9
$DIMASSOC
280
2
  9
$PROJECTNAME
  1

  9
$CAMERADISPLAY
290
0
  9
$LENSLENGTH
 40
50.0
  9
$CAMERAHEIGHT
 40
0.0
  9
$STEPSPERSEC
 40
24.0
  9
$STEPSIZE
 40
100.0
  9
$3DDWFPREC
 40
2.0
  9
$PSOLWIDTH
 40
0.005
  9
$PSOLHEIGHT
 40
0.08
  9
$LOFTANG1
 40
1.570796326795
  9
$LOFTANG2
 40
1.570796326795
  9
$LOFTMAG1
 40
0.0
  9
$LOFTMAG2
 40
0.0
  9
$LOFTPARAM
 70
7
  9
$LOFTNORMALS
280
1
  9
$LATITUDE
 40
37.795
  9
$LONGITUDE
 40
-122.394
  9
$NORTHDIRECTION
 40
0.0
  9
$TIMEZONE
 70
-8000
  9
$LIGHTGLYPHDISPLAY
280
1
  9
$TILEMODELIGHTSYNCH
280
1
  9
$CMATERIAL
347
20
  9
$SOLIDHIST
280
0
  9
$SHOWHIST
280
1
  9
$DWFFRAME
280
2
  9
$DGNFRAME
280
2
  9
$REALWORLDSCALE
290
1
  9
$INTERFERECOLOR
 62
256
  9
$CSHADOW
280
0
  9
$SHADOWPLANELOCATION
 40
0.0
  0
ENDSEC
  0
SECTION
  2
CLASSES
  0
CLASS
  1
ACDBDICTIONARYWDFLT
  2
AcDbDictionaryWithDefault
  3
ObjectDBX Classes
 90
0
 91
0
280
0
281
0
  0
CLASS
  1
SUN
  2
AcDbSun
  3
SCENEOE
 90
1153
 91
0
280
0
281
0
  0
CLASS
  1
VISUALSTYLE
  2
AcDbVisualStyle
  3
ObjectDBX Classes
 90
4095
 91
0
280
0
281
0
  0
CLASS
  1
MATERIAL
  2
AcDbMaterial
  3
ObjectDBX Classes
 90
1153
 91
0
280
0
281
0
  0
CLASS
  1
SCALE
  2
AcDbScale
  3
ObjectDBX Classes
 90
1153
 91
0
280
0
281
0
  0
CLASS
  1
TABLESTYLE
  2
AcDbTableStyle
  3
ObjectDBX Classes
 90
4095
 91
0
280
0
281
0
  0
CLASS
  1
MLEADERSTYLE
  2
AcDbMLeaderStyle
  3
ACDB_MLEADERSTYLE_CLASS
 90
4095
 91
0
280
0
281
0
  0
CLASS
  1
DICTIONARYVAR
  2
AcDbDictionaryVar
  3
ObjectDBX Classes
 90
0
 91
0
280
0
281
0
  0
CLASS
  1
CELLSTYLEMAP
  2
AcDbCellStyleMap
  3
ObjectDBX Classes
 90
1152
 91
0
280
0
281
0
  0
CLASS
  1
MENTALRAYRENDERSETTINGS
  2
AcDbMentalRayRenderSettings
  3
SCENEOE
 90
1024
 91
0
280
0
281
0
  0
CLASS
  1
ACDBDETAILVIEWSTYLE
  2
AcDbDetailViewStyle
  3
ObjectDBX Classes
 90
1025
 91
0
280
0
281
0
  0
CLASS
  1
ACDBSECTIONVIEWSTYLE
  2
AcDbSectionViewStyle
  3
ObjectDBX Classes
 90
1025
 91
0
280
0
281
0
  0
CLASS
  1
RASTERVARIABLES
  2
AcDbRasterVariables
  3
ISM
 90
0
 91
0
280
0
281
0
  0
CLASS
  1
LAYOUT
  2
AcDbLayout
  3
ObjectDBX Classes
 90
0
 91
0
280
0
281
0
  0
CLASS
  1
ACDBPLACEHOLDER
  2
AcDbPlaceHolder
  3
ObjectDBX Classes
 90
0
 91
0
280
0
281
0
  0
ENDSEC
  0
SECTION
  2
TABLES
  0
TABLE
  2
VPORT
  5
8
330
0
100
AcDbSymbolTable
 70
1
  0
VPORT
  5
23
330
8
100
AcDbSymbolTableRecord
100
AcDbViewportTableRecord
  2
*Active
 70
0
 10
0.0
 20
0.0
 11
1.0
 21
1.0
 12
0.0
 22
0.0
 13
0.0
 23
0.0
 14
0.5
 24
0.5
 15
0.5
 25
0.5
 16
0.0
 26
0.0
 36
1.0
 17
0.0
 27
0.0
 37
0.0
 40
1000.0
 41
1.34
 42
50.0
 43
0.0
 44
0.0
 50
0.0
 51
0.0
 71
0
 72
1000
 73
1
 74
3
 75
0
 76
0
 77
0
 78
0
281
0
 65
0
146
0.0
  0
ENDTAB
  0
TABLE
  2
LTYPE
  5
2
330
0
100
AcDbSymbolTable
 70
3
  0
LTYPE
  5
24
330
2
100
AcDbSymbolTableRecord
100
AcDbLinetypeTableRecord
  2
ByBlock
 70
0
  3

 72
65
 73
0
 40
0.0
  0
LTYPE
  5
25
330
2
100
AcDbSymbolTableRecord
100
AcDbLinetypeTableRecord
  2
ByLayer
 70
0
  3

 72
65
 73
0
 40
0.0
  0
LTYPE
  5
26
330
2
100
AcDbSymbolTableRecord
100
AcDbLinetypeTableRecord
  2
Continuous
 70
0
  3

 72
65
 73
0
 40
0.0
  0
ENDTAB
  0
TABLE
  2
LAYER
  5
1
330
0
100
AcDbSymbolTable
 70
4
  0
LAYER
  5
27
330
1
100
AcDbSymbolTableRecord
100
AcDbLayerTableRecord
  2
0
 70
0
 62
7
  6
Continuous
370
-3
390
13
347
21
  0
LAYER
  5
28
330
1
100
AcDbSymbolTableRecord
100
AcDbLayerTableRecord
  2
Defpoints
 70
0
 62
7
  6
Continuous
290
0
370
-3
390
13
347
21
  0
LAYER
  5
2F
330
1
100
AcDbSymbolTableRecord
100
AcDbLayerTableRecord
  2
EXTERIOR
 70
0
 62
5
  6
Continuous
370
-3
390
13
347
21
  0
LAYER
  5
30
330
1
100
AcDbSymbolTableRecord
100
AcDbLayerTableRecord
  2
AGUJEROS
 70
0
 62
1
  6
Continuous
370
-3
390
13
347
21
  0
ENDTAB
  0
TABLE
  2
STYLE
  5
5
330
0
100
AcDbSymbolTable
 70
1
  0
STYLE
  5
29
330
5
100
AcDbSymbolTableRecord
100
AcDbTextStyleTableRecord
  2
Standard
 70
0
 40
0.0
 41
1.0
 50
0.0
 71
0
 42
2.5
  3
txt
  4

  0
ENDTAB
  0
TABLE
  2
VIEW
  5
7
330
0
100
AcDbSymbolTable
 70
0
  0
ENDTAB
  0
TABLE
  2
UCS
  5
6
330
0
100
AcDbSymbolTable
 70
0
  0
ENDTAB
  0
TABLE
  2
APPID
  5
3
330
0
100
AcDbSymbolTable
 70
3
  0
APPID
  5
2A
330
3
100
AcDbSymbolTableRecord
100
AcDbRegAppTableRecord
  2
ACAD
 70
0
  0
APPID
  5
3C
330
3
100
AcDbSymbolTableRecord
100
AcDbRegAppTableRecord
  2
HATCHBACKGROUNDCOLOR
 70
0
  0
APPID
  5
3D
330
3
100
AcDbSymbolTableRecord
100
AcDbRegAppTableRecord
  2
EZDXF
 70
0
  0
ENDTAB
  0
TABLE
  2
DIMSTYLE
  5
4
330
0
100
AcDbSymbolTable
 70
1
100
AcDbDimStyleTable
  0
DIMSTYLE
105
2B
330
4
100
AcDbSymbolTableRecord
100
AcDbDimStyleTableRecord
  2
Standard
 70
0
 40
1.0
 41
2.5
 42
0.625
 43
3.75
 44
1.25
 45
0.0
 46
0.0
 47
0.0
 48
0.0
 49
2.5
140
2.5
141
2.5
142
0.0
143
0.03937007874
144
1.0
145
0.0
146
1.0
147
0.625
148
0.0
 69
0
 70
0
 71
0
 72
0
 73
0
 74
0
 75
0
 76
0
 77
1
 78
8
 79
3
170
0
171
3
172
1
173
0
174
0
175
0
176
0
177
0
178
0
179
2
271
2
272
2
273
2
274
3
275
0
276
0
277
2
278
44
279
0
280
0
281
0
282
0
283
0
284
8
285
0
286
0
288
0
289
3
290
0
371
-2
372
-2
  0
ENDTAB
  0
TABLE
  2
BLOCK_RECORD
  5
9
330
0
100
AcDbSymbolTable
 70
2
  0
BLOCK_RECORD
  5
17
330
9
100
AcDbSymbolTableRecord
100
AcDbBlockTableRecord
  2
*Model_Space
340
1A
 70
0
280
1
281
0
  0
BLOCK_RECORD
  5
1B
330
9
100
AcDbSymbolTableRecord
100
AcDbBlockTableRecord
  2
*Paper_Space
340
1E
 70
0
280
1
281
0
  0
ENDTAB
  0
ENDSEC
  0
SECTION
  2
BLOCKS
  0
BLOCK
  5
18
330
17
100
AcDbEntity
  8
0
100
AcDbBlockBegin
  2
*Model_Space
 70
0
 10
0.0
 20
0.0
 30
0.0
  3
*Model_Space
  1

  0
ENDBLK
  5
19
330
17
100
AcDbEntity
  8
0
100
AcDbBlockEnd
  0
BLOCK
  5
1C
330
1B
100
AcDbEntity
  8
0
100
AcDbBlockBegin
  2
*Paper_Space
 70
0
 10
0.0
 20
0.0
 30
0.0
  3
*Paper_Space
  1

  0
ENDBLK
  5
1D
330
1B
100
AcDbEntity
  8
0
100
AcDbBlockEnd
  0
ENDSEC
  0
SECTION
  2
ENTITIES
  0
LWPOLYLINE
  5
31
330
17
100
AcDbEntity
  8
EXTERIOR
100
AcDbPolyline
 90
17
 70
1
 10
336.8269225801517
 20
452.3481165148767
 10
430.91517210557544
 20
415.05110144749557
 10
419.10923753292155
 20
385.2722873478934
 10
411.20323552306013
 20
388.40228814360125
 10
398.78215712836527
 20
357.07205780148803
 10
406.68714753243376
 20
353.93806160587127
 10
392.79204370526026
 20
318.8887763023382
 10
384.886034430501
 20
322.0237799800982
 10
374.862056754862
 20
296.739836289869
 10
296.5848134099938
 20
327.7739596851355
 10
306.6097954469121
 20
353.0579143805409
 10
298.7037834970015
 20
356.19191911757855
 10
312.5998238130746
 20
391.23773490673545
 10
320.504770832659
 20
388.10775588443323
 10
332.9256912518975
 20
419.43853174053044
 10
325.0206836617677
 20
422.568534745857
 10
336.8269225801517
 20
452.3481165148767
  0
LWPOLYLINE
  5
32
330
17
100
AcDbEntity
  8
EXTERIOR
100
AcDbPolyline
 90
13
 70
1
 10
244.548
 20
320.855
 10
244.548
 20
312.351
 10
282.094
 20
312.351
 10
282.094
 20
228.14599999999996
 10
244.548
 20
228.14599999999996
 10
244.548
 20
219.64300000000003
 10
205.00100000000003
 20
219.64300000000003
 10
205.00100000000003
 20
228.14599999999996
 10
167.454
 20
228.14599999999996
 10
167.454
 20
312.351
 10
205.00100000000003
 20
312.351
 10
205.00100000000003
 20
320.855
 10
244.548
 20
320.855
  0
LWPOLYLINE
  5
33
330
17
100
AcDbEntity
  8
EXTERIOR
100
AcDbPolyline
 90
69
 70
1
 10
293.8558582984805
 20
684.6365171935299
 10
298.92320489042874
 20
657.4403558417212
 10
290.56331272544844
 20
655.8803759640454
 10
294.8987504175352
 20
632.6264970626358
 10
303.2588582984805
 20
634.1865171935299
 10
308.32620489042876
 20
606.990355841721
 10
299.96620489042874
 20
605.430355841721
 10
304.30085829848053
 20
582.1665171935299
 10
312.66085829848055
 20
583.7265171935298
 10
317.72820489042874
 20
556.530355841721
 10
309.3682750629561
 20
554.9703689361161
 10
313.70299987338956
 20
531.7153679322593
 10
322.0629998733896
 20
533.2653679322592
 10
327.1302750629561
 20
506.0803689361162
 10
318.7702048904288
 20
504.5203558417211
 10
323.1048582984806
 20
481.2565171935298
 10
331.4648582984806
 20
482.8165171935298
 10
336.6855965464427
 20
454.7971115359919
 10
328.04498007701284
 20
458.3451907625694
 10
315.2371156947216
 20
427.1751080751241
 10
323.1030172172498
 20
423.9451485127333
 10
308.77466517691477
 20
389.0641440985037
 10
300.9086553282605
 20
392.30414815515763
 10
288.10098572402194
 20
361.12604383923815
 10
295.9670349505887
 20
357.8950236191723
 10
281.7642578047272
 20
323.326
 10
242.548
 20
323.326
 10
242.548
 20
331.83
 10
207.00100000000003
 20
331.83
 10
207.00100000000003
 20
323.326
 10
167.7837421952728
 20
323.326
 10
153.58096504941125
 20
357.8950236191723
 10
161.44701427597803
 20
361.12604383923815
 10
148.63934467173945
 20
392.30414815515763
 10
140.77333482308524
 20
389.0641440985037
 10
126.44498278275017
 20
423.9451485127333
 10
134.31088430527845
 20
427.1751080751242
 10
121.50301992298716
 20
458.3451907625694
 10
112.86240345355726
 20
454.7971115359919
 10
118.08314170151944
 20
482.8165171935298
 10
126.44314170151945
 20
481.2565171935298
 10
130.77779510957126
 20
504.5203558417211
 10
122.41768727455155
 20
506.0803759640454
 10
127.48603776702939
 20
533.2653609534734
 10
135.84600012661048
 20
531.7153679322593
 10
140.1807249370439
 20
554.9703689361161
 10
131.82079510957124
 20
556.5303558417211
 10
136.88814170151946
 20
583.7265171935298
 10
145.24814170151944
 20
582.1665171935299
 10
149.58279510957124
 20
605.4303558417212
 10
141.22279510957125
 20
606.9903558417211
 10
146.29014170151945
 20
634.1865171935299
 10
154.65021190662262
 20
632.6265040930562
 10
158.9847249370439
 20
655.8803689361162
 10
150.62479510957127
 20
657.4403558417212
 10
155.69214170151946
 20
684.6365171935299
 10
164.05214170151945
 20
683.0765171935299
 10
168.38679510957124
 20
706.3403558417211
 10
160.02670236668766
 20
707.9003731478094
 10
163.47919500414446
 20
726.42
 10
204.14800000000002
 20
726.42
 10
204.14800000000002
 20
734.93
 10
245.40100000000004
 20
734.93
 10
245.40100000000004
 20
726.42
 10
286.0698538452786
 20
726.42
 10
289.52124082511193
 20
707.9003625472362
 10
281.16120489042873
 20
706.3403558417211
 10
285.4958582984805
 20
683.0765171935299
 10
293.8558582984805
 20
684.6365171935299
  0
LWPOLYLINE
  5
34
330
17
100
AcDbEntity
  8
EXTERIOR
100
AcDbPolyline
 90
17
 70
1
 10
74.57261729081972
 20
294.79547819639413
 10
64.30459490696462
 20
319.98153310093
 10
56.429603890594706
 20
316.7715367628287
 10
42.196089482538255
 20
351.6834324730596
 10
50.071128642929956
 20
354.89444844055396
 10
37.34757143015386
 20
386.106504357995
 10
29.473016736071767
 20
382.89652282648814
 10
17.37964826395935
 20
412.55851600090114
 10
111.10249249940513
 20
450.7634790208971
 10
123.19553244355367
 20
421.10150681708944
 10
115.32152285698132
 20
417.8915029089236
 10
128.0445081178109
 20
386.68346813202606
 10
135.9195179089696
 20
389.89347212308877
 10
150.15251306546406
 20
354.98049891720785
 10
142.27852588190942
 20
351.77050414209856
 10
152.54652025584232
 20
326.5845179420719
 10
74.57261729081972
 20
294.79547819639413
  0
LWPOLYLINE
  5
35
330
17
100
AcDbEntity
  8
EXTERIOR
100
AcDbPolyline
 90
45
 70
1
 10
146.66359415850218
 20
684.7938474018882
 10
138.3456735980478
 20
686.5638304978253
 10
133.41352306041605
 20
663.4198823776986
 10
141.73052306041606
 20
661.6498823776986
 10
135.964668497918
 20
634.5938065656401
 10
127.64766849791799
 20
636.3638065656401
 10
122.71552306041606
 20
613.2198823776987
 10
131.03252306041605
 20
611.4498823776987
 10
125.26642873986457
 20
584.3926815091545
 10
116.94942873986456
 20
586.1726815091546
 10
112.01752306041607
 20
563.0298823776986
 10
120.33452306041607
 20
561.2598823776987
 10
114.568668497918
 20
534.2038065656401
 10
106.25166849791799
 20
535.9738065656401
 10
101.31952306041606
 20
512.8298823776986
 10
109.63652306041605
 20
511.0598823776986
 10
103.8706705381257
 20
484.0038161392451
 10
95.55323402968484
 20
485.7738239084927
 10
91.97655818745818
 20
468.9934680866051
 10
9.621714231336009
 20
486.5504717409871
 10
13.19823928619621
 20
503.3301201278781
 10
4.881062528230238
 20
505.10011092547626
 10
10.64672377428831
 20
532.156190074907
 10
18.96401737771143
 20
530.3861701549749
 10
23.896428698992217
 20
553.5212557847765
 10
15.579308083649593
 20
555.3012387953221
 10
21.345377693195314
 20
582.357312077233
 10
29.66256650372007
 20
580.5773144719411
 10
34.594381688848955
 20
603.7201216185946
 10
26.277585417362012
 20
605.4901208250841
 10
32.04322302898828
 20
632.5461902335157
 10
40.36043793483513
 20
630.7761870613726
 10
45.29276846172666
 20
653.920114419665
 10
36.97556846172666
 20
655.690114419665
 10
42.7416399752041
 20
682.7461966353764
 10
51.05851941869248
 20
680.9761797280353
 10
55.99092921163917
 20
704.1112581893066
 10
47.67390859605958
 20
705.8912411996986
 10
53.43997769319532
 20
732.947312077233
 10
61.75717689832082
 20
731.1673122473476
 10
67.10618719205084
 20
756.2665220868847
 10
149.46147401472052
 20
738.7196522324458
 10
144.11228344480472
 20
713.6187579896177
 10
152.4293628256734
 20
711.8387410005655
 10
146.66359415850218
 20
684.7938474018882
  0
LWPOLYLINE
  5
36
330
17
100
AcDbEntity
  8
EXTERIOR
100
AcDbPolyline
 90
45
 70
1
 10
433.85168977118906
 20
481.4969780890411
 10
351.3019520275396
 20
464.88234400496015
 10
347.9169981399146
 20
481.7021148734542
 10
339.57998268553666
 20
480.02211175922184
 10
334.12243237196384
 20
507.1427844610767
 10
342.45835700906997
 20
508.8227692727776
 10
337.78983519311544
 20
532.0132341495813
 10
329.4538726252949
 20
530.3432416485903
 10
323.9953149723924
 20
557.4527844942651
 10
332.3324277904507
 20
559.1328072283825
 10
327.6639826855366
 20
582.3321117592218
 10
319.3269826855366
 20
580.6521117592217
 10
313.86942779045074
 20
607.7728072283826
 10
322.20635242545376
 20
609.4527920414814
 10
317.5378306380725
 20
632.64325677635
 10
309.2008306380725
 20
630.97325677635
 10
303.74335242545374
 20
658.0827920414814
 10
312.08042779045076
 20
659.7628072283826
 10
307.4119826855366
 20
682.9621117592219
 10
299.0749826855366
 20
681.282111759222
 10
293.61742779045073
 20
708.4028072283826
 10
301.95435242545375
 20
710.0827920414814
 10
296.89130654712295
 20
735.2330199379894
 10
379.44002498381894
 20
751.8475526000651
 10
384.5039745207048
 20
726.687903320228
 10
392.8400127303844
 20
728.3679110208353
 10
398.2977951658214
 20
701.2460848158983
 10
389.96179516582146
 20
699.5760848158983
 10
394.63001273038435
 20
676.3779110208353
 10
402.96597527456737
 20
678.057903472158
 10
408.42460964600536
 20
650.9372003154876
 10
400.0875722095493
 20
649.2571927716174
 10
404.7560173144634
 20
626.0578882407781
 10
413.09301731446345
 20
627.737888240778
 10
418.5507997274322
 20
600.6160621474944
 10
410.2137997274323
 20
598.9460621474944
 10
414.8820173144634
 20
575.7478882407781
 10
423.2190173144634
 20
577.4278882407782
 10
428.6765722095493
 20
550.3071927716173
 10
420.3395722095493
 20
548.6271927716174
 10
425.0080173144634
 20
525.4278882407782
 10
433.3450173144634
 20
527.1078882407783
 10
438.8027997274322
 20
499.98606214749435
 10
430.46587127250905
 20
498.31607647882197
 10
433.85168977118906
 20
481.4969780890411
  0
LWPOLYLINE
  5
37
330
17
100
AcDbEntity
  8
AGUJEROS
100
AcDbPolyline
 90
7
 70
1
 10
614.108136324065
 20
692.53
 10
660.3518483783674
 20
444.3769824186129
 10
615.8087311159865
 20
335.956
 10
538.7092121712839
 20
335.956
 10
494.1561594154777
 20
444.3770242419455
 10
540.3998636759351
 20
692.53
 10
614.108136324065
 20
692.53
  0
LWPOLYLINE
  5
38
330
17
100
AcDbEntity
  8
EXTERIOR
100
AcDbPolyline
 90
69
 70
1
 10
667.7142315583768
 20
412.2952536475792
 10
675.5840936507934
 20
409.06531024751496
 10
661.2539680593901
 20
374.18090576804417
 10
653.393830223263
 20
377.4109624106257
 10
640.5840616798213
 20
346.2408402806004
 10
648.4437236590288
 20
343.0109791873638
 10
634.2494542742073
 20
308.4359999999999
 10
595.029
 20
308.4359999999999
 10
595.029
 20
316.946
 10
559.479
 20
316.946
 10
559.479
 20
308.4359999999999
 10
520.2687334649831
 20
308.4359999999999
 10
506.0640367758149
 20
343.0108807401049
 10
513.9241779624348
 20
346.2409387595428
 10
501.1237603479201
 20
377.4112772279258
 10
493.25386218048754
 20
374.18131902197825
 10
478.9239063492067
 20
409.06531024751496
 10
486.7937684416233
 20
412.2952536475793
 10
473.983999980336
 20
443.46537557769756
 10
465.33877737948313
 20
439.9172092497744
 10
470.5694806116333
 20
467.93645395192965
 10
478.9291040349369
 20
466.3765242222223
 10
483.26283275454614
 20
489.6403488170608
 10
474.90276259863134
 20
491.20036190835583
 10
479.96896248421285
 20
518.385374911412
 10
488.32896248421287
 20
516.8353749114119
 10
492.6627625986314
 20
540.0903619083558
 10
484.3028327545461
 20
541.6503488170607
 10
489.36910403493687
 20
568.8465242222225
 10
497.7291040349369
 20
567.2865242222223
 10
502.06283275454615
 20
590.5503488170607
 10
493.70276259863135
 20
592.1103619083558
 10
498.7689624842128
 20
619.295374911412
 10
507.1289624842129
 20
617.745374911412
 10
511.4627625986314
 20
641.0003619083558
 10
503.1028327545461
 20
642.5603488170607
 10
508.1691040349369
 20
669.7565242222224
 10
516.5294806116335
 20
668.1964539519297
 10
520.8724562641119
 20
691.4604190712565
 10
512.5130999808479
 20
693.0202989518656
 10
515.9578529868107
 20
711.54
 10
556.629
 20
711.54
 10
556.629
 20
720.04
 10
597.879
 20
720.04
 10
597.879
 20
711.54
 10
638.5496584679762
 20
711.54
 10
642.0054680702655
 20
693.020404951834
 10
633.645167245454
 20
691.4603488170608
 10
637.9788959650633
 20
668.1965242222224
 10
646.3388959650632
 20
669.7565242222224
 10
651.405167245454
 20
642.5603488170608
 10
643.0452374013686
 20
641.0003619083558
 10
647.3790375157872
 20
617.745374911412
 10
655.7390375157872
 20
619.295374911412
 10
660.8052374013687
 20
592.1103619083558
 10
652.445167245454
 20
590.5503488170607
 10
656.7788959650632
 20
567.2865242222223
 10
665.1388959650633
 20
568.8465242222225
 10
670.205167245454
 20
541.6503488170608
 10
661.8456140579574
 20
540.0904321935566
 10
666.1886611808457
 20
516.8353051363929
 10
674.5490375157872
 20
518.385374911412
 10
679.6152374013686
 20
491.2003619083559
 10
671.255167245454
 20
489.6403488170608
 10
675.5888959650633
 20
466.3765242222223
 10
683.9488959650632
 20
467.9365242222223
 10
689.1684474982501
 20
439.9175273749233
 10
680.5240000196641
 20
443.4653755776975
 10
667.7142315583768
 20
412.2952536475792
  0
LWPOLYLINE
  5
39
330
17
100
AcDbEntity
  8
EXTERIOR
100
AcDbPolyline
 90
13
 70
1
 10
243.40100000000004
 20
749.9301
 10
206.14800000000002
 20
749.9301
 10
206.14800000000002
 20
741.4301
 10
164.894
 20
741.4301
 10
164.894
 20
842.639844
 10
206.14800000000002
 20
842.639844
 10
206.14800000000002
 20
834.13984
 10
243.40100000000004
 20
834.13984
 10
243.40100000000004
 20
842.639844
 10
284.654
 20
842.639844
 10
284.654
 20
741.4301
 10
243.40100000000004
 20
741.4301
 10
243.40100000000004
 20
749.9301
  0
LWPOLYLINE
  5
3A
330
17
100
AcDbEntity
  8
EXTERIOR
100
AcDbPolyline
 90
7
 70
1
 10
539.2687857596762
 20
336.78599999999994
 10
495.0218382075905
 20
444.46298376029887
 10
541.0981472106178
 20
691.7
 10
613.4098527893823
 20
691.7
 10
659.4861538133097
 20
444.46302657468414
 10
615.2492722970583
 20
336.78599999999994
 10
539.2687857596762
 20
336.78599999999994
  0
LWPOLYLINE
  5
3B
330
17
100
AcDbEntity
  8
EXTERIOR
100
AcDbPolyline
 90
13
 70
1
 10
159.247
 20
-97.1590000000001
 10
159.247
 20
4.054000000000087
 10
200.5
 20
4.054000000000087
 10
200.5
 20
-4.4500000000000455
 10
237.75400000000002
 20
-4.4500000000000455
 10
237.75400000000002
 20
4.054000000000087
 10
279.007
 20
4.054000000000087
 10
279.007
 20
-97.1590000000001
 10
237.75400000000002
 20
-97.1590000000001
 10
237.75400000000002
 20
-88.65499999999997
 10
200.5
 20
-88.65499999999997
 10
200.5
 20
-97.1590000000001
 10
159.247
 20
-97.1590000000001
  0
ENDSEC
  0
SECTION
  2
OBJECTS
  0
DICTIONARY
  5
A
330
0
100
AcDbDictionary
281
1
  3
ACAD_COLOR
350
B
  3
ACAD_GROUP
350
C
  3
ACAD_LAYOUT
350
D
  3
ACAD_MATERIAL
350
E
  3
ACAD_MLEADERSTYLE
350
F
  3
ACAD_MLINESTYLE
350
10
  3
ACAD_PLOTSETTINGS
350
11
  3
ACAD_PLOTSTYLENAME
350
12
  3
ACAD_SCALELIST
350
14
  3
ACAD_TABLESTYLE
350
15
  3
ACAD_VISUALSTYLE
350
16
  3
EZDXF_META
350
2D
  0
DICTIONARY
  5
B
330
A
100
AcDbDictionary
281
1
  0
DICTIONARY
  5
C
330
A
100
AcDbDictionary
281
1
  0
DICTIONARY
  5
D
330
A
100
AcDbDictionary
281
1
  3
Model
350
1A
  3
Layout1
350
1E
  0
DICTIONARY
  5
E
330
A
100
AcDbDictionary
281
1
  3
ByBlock
350
1F
  3
ByLayer
350
20
  3
Global
350
21
  0
DICTIONARY
  5
F
330
A
100
AcDbDictionary
281
1
  3
Standard
350
2C
  0
DICTIONARY
  5
10
330
A
100
AcDbDictionary
281
1
  3
Standard
350
22
  0
DICTIONARY
  5
11
330
A
100
AcDbDictionary
281
1
  0
ACDBDICTIONARYWDFLT
  5
12
330
A
100
AcDbDictionary
281
1
  3
Normal
350
13
100
AcDbDictionaryWithDefault
340
13
  0
ACDBPLACEHOLDER
  5
13
330
12
  0
DICTIONARY
  5
14
330
A
100
AcDbDictionary
281
1
  0
DICTIONARY
  5
15
330
A
100
AcDbDictionary
281
1
  0
DICTIONARY
  5
16
330
A
100
AcDbDictionary
281
1
  0
LAYOUT
  5
1A
330
D
100
AcDbPlotSettings
  1

  4
A3
  6

 40
7.5
 41
20.0
 42
7.5
 43
20.0
 44
420.0
 45
297.0
 46
0.0
 47
0.0
 48
0.0
 49
0.0
140
0.0
141
0.0
142
1.0
143
1.0
 70
1024
 72
1
 73
0
 74
5
  7

 75
16
 76
0
 77
2
 78
300
147
1.0
148
0.0
149
0.0
100
AcDbLayout
  1
Model
 70
1
 71
0
 10
0.0
 20
0.0
 11
420.0
 21
297.0
 12
0.0
 22
0.0
 32
0.0
 14
1e+20
 24
1e+20
 34
1e+20
 15
-1e+20
 25
-1e+20
 35
-1e+20
146
0.0
 13
0.0
 23
0.0
 33
0.0
 16
1.0
 26
0.0
 36
0.0
 17
0.0
 27
1.0
 37
0.0
 76
1
330
17
  0
LAYOUT
  5
1E
330
D
100
AcDbPlotSettings
  1

  4
A3
  6

 40
7.5
 41
20.0
 42
7.5
 43
20.0
 44
420.0
 45
297.0
 46
0.0
 47
0.0
 48
0.0
 49
0.0
140
0.0
141
0.0
142
1.0
143
1.0
 70
0
 72
1
 73
0
 74
5
  7

 75
16
 76
0
 77
2
 78
300
147
1.0
148
0.0
149
0.0
100
AcDbLayout
  1
Layout1
 70
1
 71
1
 10
0.0
 20
0.0
 11
420.0
 21
297.0
 12
0.0
 22
0.0
 32
0.0
 14
1e+20
 24
1e+20
 34
1e+20
 15
-1e+20
 25
-1e+20
 35
-1e+20
146
0.0
 13
0.0
 23
0.0
 33
0.0
 16
1.0
 26
0.0
 36
0.0
 17
0.0
 27
1.0
 37
0.0
 76
1
330
1B
  0
MATERIAL
  5
1F
102
{ACAD_REACTORS
330
E
102
}
330
E
100
AcDbMaterial
  1
ByBlock
  2

 70
0
 40
1.0
 71
1
 41
1.0
 91
-1023410177
 42
1.0
 72
1
  3

 73
1
 74
1
 75
1
 44
0.5
 73
0
 45
1.0
 46
1.0
 77
1
  4

 78
1
 79
1
170
1
 48
1.0
171
1
  6

172
1
173
1
174
1
140
1.0
141
1.0
175
1
  7

176
1
177
1
178
1
143
1.0
179
1
  8

270
1
271
1
272
1
145
1.0
146
1.0
273
1
  9

274
1
275
1
276
1
 42
1.0
 72
1
  3

 73
1
 74
1
 75
1
 94
63
  0
MATERIAL
  5
20
102
{ACAD_REACTORS
330
E
102
}
330
E
100
AcDbMaterial
  1
ByLayer
  2

 70
0
 40
1.0
 71
1
 41
1.0
 91
-1023410177
 42
1.0
 72
1
  3

 73
1
 74
1
 75
1
 44
0.5
 73
0
 45
1.0
 46
1.0
 77
1
  4

 78
1
 79
1
170
1
 48
1.0
171
1
  6

172
1
173
1
174
1
140
1.0
141
1.0
175
1
  7

176
1
177
1
178
1
143
1.0
179
1
  8

270
1
271
1
272
1
145
1.0
146
1.0
273
1
  9

274
1
275
1
276
1
 42
1.0
 72
1
  3

 73
1
 74
1
 75
1
 94
63
  0
MATERIAL
  5
21
102
{ACAD_REACTORS
330
E
102
}
330
E
100
AcDbMaterial
  1
Global
  2

 70
0
 40
1.0
 71
1
 41
1.0
 91
-1023410177
 42
1.0
 72
1
  3

 73
1
 74
1
 75
1
 44
0.5
 73
0
 45
1.0
 46
1.0
 77
1
  4

 78
1
 79
1
170
1
 48
1.0
171
1
  6

172
1
173
1
174
1
140
1.0
141
1.0
175
1
  7

176
1
177
1
178
1
143
1.0
179
1
  8

270
1
271
1
272
1
145
1.0
146
1.0
273
1
  9

274
1
275
1
276
1
 42
1.0
 72
1
  3

 73
1
 74
1
 75
1
 94
63
  0
MLINESTYLE
  5
22
102
{ACAD_REACTORS
330
10
102
}
330
10
100
AcDbMlineStyle
  2
Standard
 70
0
  3

 62
256
 51
90.0
 52
90.0
 71
2
 49
0.5
 62
256
  6
BYLAYER
 49
-0.5
 62
256
  6
BYLAYER
  0
MLEADERSTYLE
  5
2C
102
{ACAD_REACTORS
330
F
102
}
330
F
100
AcDbMLeaderStyle
179
2
170
2
171
1
172
0
 90
2
 40
0.0
 41
0.0
173
1
 91
-1056964608
 92
-2
290
1
 42
2.0
291
1
 43
8.0
  3
Standard
 44
4.0
300

342
29
174
1
175
1
176
0
178
1
 93
-1056964608
 45
4.0
292
0
297
0
 46
4.0
 94
-1056964608
 47
1.0
 49
1.0
140
1.0
294
1
141
0.0
177
0
142
1.0
295
0
296
0
143
3.75
271
0
272
9
273
9
  0
DICTIONARY
  5
2D
330
A
100
AcDbDictionary
280
1
281
1
  3
CREATED_BY_EZDXF
350
2E
  3
WRITTEN_BY_EZDXF
350
3E
  0
DICTIONARYVAR
  5
2E
330
2D
100
DictionaryVariables
280
0
  1
1.4.4 @ 2026-08-28T08:06:51.991015+00:00
  0
DICTIONARYVAR
  5
3E
330
2D
100
DictionaryVariables
280
0
  1
1.4.4 @ 2026-08-28T08:06:51.998239+00:00
  0
ENDSEC
  0
EOF
